R1 = [9.6428667991264605e-01 -2.6484969138677328e-01 -2.4165916859785336e-03;
    -8.9795446022112396e-02 -3.1832382771611223e-01 -9.4371961862719200e-01;
    2.4917459103354755e-01 9.1023325674273947e-01 -3.3073772313234923e-01]
